"V1" "V2" "V3" "V4"
0.5 0.5 0.5 0.5
0 0.5 0.5 0.5
1 0.5 0.5 0.5
0.5 0 0.5 0.5
0.5 1 0.5 0.5
0.5 0.5 0 0.5
0.5 0.5 1 0.5
0.5 0.5 0.5 0
0.5 0.5 0.5 1
0 0 0 0
1 1 1 1
1 0 0 0
0 1 1 1
0 1 0 0
1 0 1 1
0 0 1 0
1 1 0 1
0 0 0 1
1 1 1 0
1 1 0 0
0 1 1 0
0 0 1 1
1 0 0 1
1 0 1 0
0 1 0 1
0.820420975895104 0.949349488168082 0.059233073679934 0.938380869312823
0.0819154852688371 0.0579154820079566 0.232721519212646 0.0878192303498508
0.225012302813411 0.0704275668358605 0.94534197340181 0.884240753322956
0.110481172800064 0.0147448742718552 0.0411285664777097 0.548639627959346
0.0779879648835049 0.226355353661347 0.0829186026458046 0.901484730795346
0.734893222172104 0.190818418133858 0.934378928781371 0.0158468349909526
0.0313619250919146 0.345922954620619 0.822662027509068 0.0341008917239378
0.803975134957 0.969451661672792 0.500192522169527 0.994089429019368
0.300084217738913 0.990476803341153 0.130734565504099 0.126798153680284
0.00476057229752769 0.691974733254028 0.183848912121903 0.910856237886037
0.845186281225324 0.501168550916191 0.0270434852682229 0.0523065296220011
0.89406824370235 0.856884920045559 0.497883557964087 0.00125714249224984
0.373187721554132 0.957137035689811 0.836510545857891 0.92920236977443
0.989017460196919 0.494617171862046 0.280827729024168 0.980223638191092
0.954266083059338 0.769104719922325 0.959279246257211 0.563159014880512
0.721013320304337 0.0448618518712465 0.899750163724093 0.254080198414158
0.0301583411674073 0.639588022302632 0.147017170307663 0.172018575209222
0.652307099298923 0.207623104455706 0.98749728340772 0.827624740177271
0.164946131131728 0.918257179298962 0.240140299178165 0.792260057980457
0.138631608839205 0.87265972259047 0.863052887310914 0.308676596399891
0.771350208706281 0.105693433324632 0.570727135444031 0.0631061147178116
0.933942792533344 0.517721574778989 0.887446597953385 0.757120557253074
0.44781154631346 0.899036052043812 0.0143638931222085 0.508299835208163
0.546274315063783 0.0936894047954411 0.0767035590033629 0.722551260794717
0.193463981377135 0.0219558335811598 0.702137603544543 0.387515903446911
0.912050995426398 0.12024288563407 0.283170472332131 0.515848183051276
0.974581227033923 0.324423827398277 0.629482021893637 0.740011197198328
0.750900072624063 0.180016860638716 0.342779635400802 0.867905574992619
0.950919208677078 0.64927798170902 0.194368011772895 0.543150643850822
0.56526588003544 0.73851816473325 0.800958380965312 0.107829698386922
0.682026463739021 0.457246160316572 0.104704122331896 0.83404837537455
0.836049255820399 0.30816962395329 0.757260168200446 0.20636391784501
0.886257543497777 0.56182197999442 0.668055038720922 0.156316566142777
0.278442295628338 0.605709332288825 0.787899837217992 0.109468849266705
0.52480622425719 0.729234895214177 0.976679079591122 0.395194756296405
0.145879303585389 0.796070333155512 0.740002828533761 0.634268328623875
0.863179277490417 0.754286973868147 0.605089771899657 0.781052003741934
0.43286538378743 0.249727004367742 0.110084250849468 0.242267033801909
0.187136826581991 0.542994398005249 0.67866584503281 0.851902660069754
0.716256300882378 0.143869000057748 0.773068498954672 0.581463226888445
0.283362656395184 0.925431604555342 0.408081574954849 0.603815567148558
0.0553811352365301 0.360509131936851 0.36563213264526 0.462065804411395
0.102814663190657 0.612887725637847 0.614321099161316 0.284106789073121
0.25996648695218 0.718746356324118 0.166441925288382 0.612336931812024
0.416917759197531 0.843240095902729 0.449380719590408 0.188079238290811
0.247431023952231 0.162480072223843 0.646437123283249 0.653139086363808
0.559828953209944 0.442909360976046 0.470364375330973 0.961766874002933
0.463060306465195 0.825864360394917 0.211648520322342 0.326500245799252
0.398193554516183 0.402290149577311 0.91824526578057 0.353805740534881
0.351996964946011 0.275118094581558 0.583560115406726 0.150277969558374
0.619386958809628 0.886028185635951 0.536862983364699 0.335867000769213
0.625835024584376 0.797577526660461 0.305412028919818 0.688058077237656
0.601194865528669 0.329413916435442 0.844069020888128 0.372661846999108
0.490629847241507 0.129253919523762 0.516863208882569 0.674403246546717
0.32607985893992 0.673392663244158 0.398148197098635 0.809123592247488
0.784368035710941 0.422728274763358 0.251735743058816 0.407264007473714
0.211980008483806 0.376626025048608 0.721420598943951 0.47017912258525
0.668577808130067 0.290005485781876 0.358729766390752 0.272229748072277
0.341300420106563 0.406539545798296 0.317949959706311 0.703528427151468
0.585776861124032 0.666259404424636 0.710803363559535 0.657593185256701
0.384583822313289 0.2558739383785 0.379403372669913 0.445890277063882
0.48061315817904 0.575298187559383 0.436069267962012 0.233145097296074
0.699316353493487 0.483098738768604 0.553723540862848 0.488914878555079
0.504781458370417 0.585750595542777 0.464799503970426 0.429978061725706
0.77773081025407 0.774791586871288 0.779721351338594 0.799440046424934
0.616436594067636 0.260443671082612 0.259416618047908 0.26408271258515
0.705212317494443 0.703731228322795 0.330316355972172 0.375224139768761
0.332156384089103 0.509392472948093 0.514192021715644 0.147541806558365
0.513916573776442 0.114029816742914 0.651741667612441 0.402368871420549
0.378844882832709 0.721924597730322 0.399757375380432 0.561678343910899
0.404457205264407 0.662105955736479 0.659666399411435 0.685285670628218
0.658841051641502 0.686987761204364 0.559310604612619 0.500131640274049
0.0119598343117104 0.962075251212809 0.682884622910933 0.99145046317426
0.967461444128276 0.932498804220813 0.966906486130028 0.0132285649706319
0.574676845802969 0.0811828460118704 0.617244885639593 0.573097044911265
0.196150106077766 0.0240256406050321 0.196061307169657 0.931251651674756
0.635591707656204 0.618596509628333 0.370097939246989 0.0838535761649837
0.603347469892469 0.199808185603615 0.640269042727596 0.0311155880808656
0.857728619641421 0.368485038352446 0.565052616551839 0.622670089289386
0.53483962097016 0.566712868645482 0.852436909091921 0.200904541406999
0.069865683612079 0.431444175208526 0.714438971561322 0.714805387880915
0.174372415240214 0.536030055343872 0.0688178389627865 0.534331578428464
0.45941824084548 0.0644810746125586 0.177632986195022 0.773332771999776
0.362284588216426 0.177128343864752 0.458074575433784 0.454420190360906
0.471198280705721 0.448488316569637 0.417205206300423 0.363022661653304
0.157582302534138 0.417584417651597 0.299597965637076 0.421527413887816
0.983627470086503 0.470675576541908 0.219024200530839 0.299614761790508
0.992855806385705 0.304433666105979 0.031681080818089 0.630773744727776
0.496233923662658 0.631931192157936 0.159146563230024 0.220588913733081
0.921356436889255 0.0365411978837074 0.489993347209747 0.0559531076105486
0.832726622113114 0.485141067796576 0.539185392717627 0.839899048100051
0.426794197261188 0.98074573530721 0.999586846975944 0.49601916624124
0.673062157671666 0.995369479143847 0.830937099855873 0.91746645629064
0.0895589052797732 0.832472828193204 0.42766030981511 0.182711272418601
0.872780771069301 0.527087676695373 0.523506036262916 0.954490956411973
0.307456390015432 0.910177102512534 0.0873016129935422 0.667098963036551
0.808287284851758 0.81073997211206 0.91164059552284 0.423516842123718
0.438749453005585 0.0486979627494293 0.867248835809733 0.5261429319944
0.726615044753999 0.588642367116336 0.810016858273229 0.444243660653228
0.0510375726371421 0.845800268343737 0.438511193684462 0.727088661507878
0.591524347644736 0.149685288106411 0.730052407092444 0.591322002204834
0.518905369488493 0.699605015579436 0.0469096182168869 0.850788494040899
0.21012512253219 0.942626613397806 0.591437864415639 0.697213733663375
0.155182188871549 0.816200667526573 0.208806024480509 0.81286770740553
0.941015992228131 0.229522807401736 0.149034884401772 0.949655917711425
0.68856189800681 0.895010633246784 0.942285139362866 0.479343552748105
0.818454934382316 0.358499150668649 0.694161641631581 0.893807324626323
0.231212383669117 0.881243030025871 0.815013796714993 0.975833476542903
0.408763382256438 0.547667070668467 0.480554422532805 0.120044811832486
0.12439791932411 0.641060654084868 0.897002440902725 0.875321548828651
0.875314662338496 0.137228259900439 0.973913670639377 0.643758284475553
0.549205803419682 0.387974335513718 0.123954237151338 0.0400819275309914
0.641974061110886 0.783264051482547 0.881878931993924 0.135458827884577
0.0464400196760835 0.468269518221859 0.244644688929839 0.27401508332332
0.348206522039618 0.218488613154477 0.13630379926326 0.786711312644911
0.252113134451065 0.598325296508847 0.386219155438084 0.348545375298272
0.235379860252579 0.164830056944993 0.328056566071609 0.211587795613013
0.744323113289283 0.238681614713641 0.34686831579711 0.598575998863453
0.130389301644755 0.34238535948316 0.595077676345682 0.168699978554287
0.926623439778268 0.393552957273641 0.746740868620691 0.235606654388903
0.098629729993263 0.748790312496567 0.927525269431499 0.342711747583962
0.29303082520164 0.286694408849144 0.00269776905588515 0.745961099823035
0.764320025975394 0.00133627267678094 0.100678910728675 0.0738057566486532
0.792910786298307 0.0964975562437758 0.29282281471751 0.0955608395870513
0.266458147214507 0.860690157798672 0.758639482910439 0.863315063881601
0.903251937059395 0.764395034328118 0.795937354283524 0.295774949359839
0.0224854573170887 0.271277942507368 0.266196092994505 0.758793111745035
0.314037439295134 0.316791792776712 0.0169015890405717 0.317143953085179
